#Коэффициент электропроводности 1/(Ом см)  Xe
#Т, К  Р=0.5 МПа   Р=1.5 МПа Р=2.5 МПа
#       0.5        1.5       2.5
 2000  0.525e-3  0.309e-3  0.239e-3
 3000  0.525e-2  0.309e-2  0.239e-2
 4000  0.525e-1  0.309e-1  0.239e-1
 5000  0.442e+0  0.270e+0  0.214e+0   
 6000  0.283e1   0.205e1   0.175e1 
 7000  0.741e1   0.606e1   0.545e1 
 8000  0.138e2   0.120e2   0.111e2 
 9000  0.220e2   0.199e2   0.188e2 
10000  0.317e2   0.296e2   0.284e2 
11000  0.428e2   0.411e2   0.399e2 
12000  0.547e2   0.541e2   0.533e2 